0.1 -1.4950975433169973 0.0044022572106200844 0.1470084999999998 0.0006089110589816403
0.0316 -3.0107473746616624 0.004009308820846334 0.26980949999999987 0.0005960976931258152
0.010000000000000002 -3.3868978793621625 0.003635561027955831 0.2903285 0.0005265475645656205
0.0031600000000000005 -4.627371532744716 0.003878136562493788 0.40767099999999984 0.0006052964224247668
0.001 -4.945124775734681 0.004015088930847627 0.43944699999999987 0.0006029574537232375
0.00031600000000000004 -5.623018464165492 0.004078013527933168 0.5111384999999997 0.0006215151387937784
0.0001 -6.37370302081506 0.0035947872116314345 0.591494500000001 0.0005887021485856628
3.16e-05 -6.760741862719507 0.003083276012444922 0.6336799999999998 0.0005235700526204754
1e-05 -6.976578896302231 0.0019855120804322143 0.6565630000000002 0.000422887137425329
3.1600000000000007e-06 -7.068075859886743 0.001381395996303024 0.6661365000000007 0.0003919057511047956
1.0000000000000002e-06 -7.102911410590736 0.001092361909288994 0.6706175000000004 0.0003848531456921467
3.160000000000001e-07 -7.113897433960649 0.0009533953392939661 0.672061500000001 0.00038752479630231064
1e-07 -7.118889932372884 0.0008372173958854681 0.672121 0.00036889952426080865
3.16e-08 -7.121045232248797 0.0008422507213870622 0.6727710000000003 0.00036742082004119855
1e-08 -7.120567441563993 0.0007714656375431281 0.6720664999999996 0.00038005240132312634
3.1600000000000003e-09 -7.1205112293523 0.0008046451902470283 0.6720599999999997 0.00036761923235971325
1e-09 -7.120870828186048 0.0008041254337042986 0.6721010000000003 0.00038513737678919535
