2000000000 8 7.419103e+00 3.769235e-05 2.841426e+00 1.889878e-04
2000000000 16 1.271008e+01 1.203486e-04 2.896757e+01 8.649814e-04
2000000000 32 1.981846e+01 2.916460e-04 1.701148e+02 2.094272e-03
2000000000 64 2.847464e+01 5.957427e-04 7.098188e+02 9.604069e-03
2000000000 128 3.830210e+01 1.087599e-03 2.365742e+03 6.313513e-02
2000000000 256 4.892379e+01 1.840349e-03 6.773769e+03 2.922168e-01
2000000000 512 6.001405e+01 2.955768e-03 1.747313e+04 1.109834e+00
2000000000 1024 7.131797e+01 4.578821e-03 4.193121e+04 3.765422e+00
2000000000 2048 8.261794e+01 6.915571e-03 9.565024e+04 1.193802e+01
2000000000 4096 9.383104e+01 1.026487e-02 2.107350e+05 3.631914e+01
2000000000 8192 1.048063e+02 1.504340e-02 4.526080e+05 1.076568e+02
2000000000 16384 1.154849e+02 2.184641e-02 9.545316e+05 3.139336e+02
2000000000 32768 1.259189e+02 3.154393e-02 1.990039e+06 9.069661e+02
2000000000 65536 1.359808e+02 4.529792e-02 4.103804e+06 2.600393e+03
2000000000 131072 1.454801e+02 6.475292e-02 8.385880e+06 7.414848e+03
2000000000 262144 1.547133e+02 9.234584e-02 1.705551e+07 2.109256e+04
2000000000 524288 1.641756e+02 1.318504e-01 3.476905e+07 6.009081e+04
2000000000 1048576 1.724611e+02 1.869837e-01 6.992584e+07 1.698671e+05
2000000000 2097152 1.810053e+02 2.658328e-01 1.413342e+08 4.821731e+05
2000000000 4194304 1.887501e+02 3.763628e-01 2.832979e+08 1.360876e+06
2000000000 8388608 1.961540e+02 5.322267e-01 5.665304e+08 3.843799e+06
2000000000 16777216 2.037905e+02 7.539047e-01 1.136745e+09 1.086698e+07
2000000000 33554432 2.098720e+02 1.062891e+00 2.259476e+09 3.057027e+07
2000000000 67108864 2.170754e+02 1.506636e+00 4.539905e+09 8.683289e+07
2000000000 134217728 2.249336e+02 2.143756e+00 9.191376e+09 2.472752e+08
